336 192
6 7
6 6 6 6 6 6 6 6 6 6 6 6 6 6 6 6 6 6 6 6 6 6 6 6 6 6 6 6 6 6 6 6 6 6 6 6 6 6 6 6 6 6 6 6 6 6 6 6 2 2 2 2 2 2 2 2 2 2 2 2 2 2 2 2 2 2 2 2 2 2 2 2 3 3 3 3 3 3 3 3 3 3 3 3 3 3 3 3 3 3 3 3 3 3 3 3 3 3 3 3 3 3 3 3 3 3 3 3 3 3 3 3 3 3 3 3 3 3 3 3 5 5 5 5 5 5 5 5 5 5 5 5 5 5 5 5 5 5 5 5 5 5 5 5 3 3 3 3 3 3 3 3 3 3 3 3 3 3 3 3 3 3 3 3 3 3 3 3 6 6 6 6 6 6 6 6 6 6 6 6 6 6 6 6 6 6 6 6 6 6 6 6 2 2 2 2 2 2 2 2 2 2 2 2 2 2 2 2 2 2 2 2 2 2 2 2 3 3 3 3 3 3 3 3 3 3 3 3 3 3 3 3 3 3 3 3 3 3 3 3 1 1 1 1 1 1 1 1 1 1 1 1 1 1 1 1 1 1 1 1 1 1 1 1 1 1 1 1 1 1 1 1 1 1 1 1 1 1 1 1 1 1 1 1 1 1 1 1 1 1 1 1 1 1 1 1 1 1 1 1 1 1 1 1 1 1 1 1 1 1 1 1 1 1 1 1 1 1 1 1 1 1 1 1 1 1 1 1 1 1 1 1 1 1 1 1 
6 6 6 6 6 6 6 6 6 6 6 6 6 6 6 6 6 6 6 6 6 6 6 6 6 6 6 6 6 6 6 6 6 6 6 6 6 6 6 6 6 6 6 6 6 6 6 6 7 7 7 7 7 7 7 7 7 7 7 7 7 7 7 7 7 7 7 7 7 7 7 7 6 6 6 6 6 6 6 6 6 6 6 6 6 6 6 6 6 6 6 6 6 6 6 6 4 4 4 4 4 4 4 4 4 4 4 4 4 4 4 4 4 4 4 4 4 4 4 4 5 5 5 5 5 5 5 5 5 5 5 5 5 5 5 5 5 5 5 5 5 5 5 5 4 4 4 4 4 4 4 4 4 4 4 4 4 4 4 4 4 4 4 4 4 4 4 4 5 5 5 5 5 5 5 5 5 5 5 5 5 5 5 5 5 5 5 5 5 5 5 5 
19 46 72 97 135 160 
20 47 49 98 136 161 
21 48 50 99 137 162 
22 25 51 100 138 163 
23 26 52 101 139 164 
24 27 53 102 140 165 
1 28 54 103 141 166 
2 29 55 104 142 167 
3 30 56 105 143 168 
4 31 57 106 144 145 
5 32 58 107 121 146 
6 33 59 108 122 147 
7 34 60 109 123 148 
8 35 61 110 124 149 
9 36 62 111 125 150 
10 37 63 112 126 151 
11 38 64 113 127 152 
12 39 65 114 128 153 
13 40 66 115 129 154 
14 41 67 116 130 155 
15 42 68 117 131 156 
16 43 69 118 132 157 
17 44 70 119 133 158 
18 45 71 120 134 159 
24 55 81 119 125 185 
1 56 82 120 126 186 
2 57 83 97 127 187 
3 58 84 98 128 188 
4 59 85 99 129 189 
5 60 86 100 130 190 
6 61 87 101 131 191 
7 62 88 102 132 192 
8 63 89 103 133 169 
9 64 90 104 134 170 
10 65 91 105 135 171 
11 66 92 106 136 172 
12 67 93 107 137 173 
13 68 94 108 138 174 
14 69 95 109 139 175 
15 70 96 110 140 176 
16 71 73 111 141 177 
17 72 74 112 142 178 
18 49 75 113 143 179 
19 50 76 114 144 180 
20 51 77 115 121 181 
21 52 78 116 122 182 
22 53 79 117 123 183 
23 54 80 118 124 184 
3 90 
4 91 
5 92 
6 93 
7 94 
8 95 
9 96 
10 73 
11 74 
12 75 
13 76 
14 77 
15 78 
16 79 
17 80 
18 81 
19 82 
20 83 
21 84 
22 85 
23 86 
24 87 
1 88 
2 89 
7 37 52 
8 38 53 
9 39 54 
10 40 55 
11 41 56 
12 42 57 
13 43 58 
14 44 59 
15 45 60 
16 46 61 
17 47 62 
18 48 63 
19 25 64 
20 26 65 
21 27 66 
22 28 67 
23 29 68 
24 30 69 
1 31 70 
2 32 71 
3 33 72 
4 34 49 
5 35 50 
6 36 51 
25 59 80 
26 60 81 
27 61 82 
28 62 83 
29 63 84 
30 64 85 
31 65 86 
32 66 87 
33 67 88 
34 68 89 
35 69 90 
36 70 91 
37 71 92 
38 72 93 
39 49 94 
40 50 95 
41 51 96 
42 52 73 
43 53 74 
44 54 75 
45 55 76 
46 56 77 
47 57 78 
48 58 79 
29 73 144 149 175 
30 74 121 150 176 
31 75 122 151 177 
32 76 123 152 178 
33 77 124 153 179 
34 78 125 154 180 
35 79 126 155 181 
36 80 127 156 182 
37 81 128 157 183 
38 82 129 158 184 
39 83 130 159 185 
40 84 131 160 186 
41 85 132 161 187 
42 86 133 162 188 
43 87 134 163 189 
44 88 135 164 190 
45 89 136 165 191 
46 90 137 166 192 
47 91 138 167 169 
48 92 139 168 170 
25 93 140 145 171 
26 94 141 146 172 
27 95 142 147 173 
28 96 143 148 174 
1 72 73 
2 49 74 
3 50 75 
4 51 76 
5 52 77 
6 53 78 
7 54 79 
8 55 80 
9 56 81 
10 57 82 
11 58 83 
12 59 84 
13 60 85 
14 61 86 
15 62 87 
16 63 88 
17 64 89 
18 65 90 
19 66 91 
20 67 92 
21 68 93 
22 69 94 
23 70 95 
24 71 96 
1 25 116 121 153 187 
2 26 117 122 154 188 
3 27 118 123 155 189 
4 28 119 124 156 190 
5 29 120 125 157 191 
6 30 97 126 158 192 
7 31 98 127 159 169 
8 32 99 128 160 170 
9 33 100 129 161 171 
10 34 101 130 162 172 
11 35 102 131 163 173 
12 36 103 132 164 174 
13 37 104 133 165 175 
14 38 105 134 166 176 
15 39 106 135 167 177 
16 40 107 136 168 178 
17 41 108 137 145 179 
18 42 109 138 146 180 
19 43 110 139 147 181 
20 44 111 140 148 182 
21 45 112 141 149 183 
22 46 113 142 150 184 
23 47 114 143 151 185 
24 48 115 144 152 186 
25 49 
26 50 
27 51 
28 52 
29 53 
30 54 
31 55 
32 56 
33 57 
34 58 
35 59 
36 60 
37 61 
38 62 
39 63 
40 64 
41 65 
42 66 
43 67 
44 68 
45 69 
46 70 
47 71 
48 72 
49 73 170 
50 74 171 
51 75 172 
52 76 173 
53 77 174 
54 78 175 
55 79 176 
56 80 177 
57 81 178 
58 82 179 
59 83 180 
60 84 181 
61 85 182 
62 86 183 
63 87 184 
64 88 185 
65 89 186 
66 90 187 
67 91 188 
68 92 189 
69 93 190 
70 94 191 
71 95 192 
72 96 169 
97 
98 
99 
100 
101 
102 
103 
104 
105 
106 
107 
108 
109 
110 
111 
112 
113 
114 
115 
116 
117 
118 
119 
120 
121 
122 
123 
124 
125 
126 
127 
128 
129 
130 
131 
132 
133 
134 
135 
136 
137 
138 
139 
140 
141 
142 
143 
144 
145 
146 
147 
148 
149 
150 
151 
152 
153 
154 
155 
156 
157 
158 
159 
160 
161 
162 
163 
164 
165 
166 
167 
168 
169 
170 
171 
172 
173 
174 
175 
176 
177 
178 
179 
180 
181 
182 
183 
184 
185 
186 
187 
188 
189 
190 
191 
192 
7 26 71 91 145 169 
8 27 72 92 146 170 
9 28 49 93 147 171 
10 29 50 94 148 172 
11 30 51 95 149 173 
12 31 52 96 150 174 
13 32 53 73 151 175 
14 33 54 74 152 176 
15 34 55 75 153 177 
16 35 56 76 154 178 
17 36 57 77 155 179 
18 37 58 78 156 180 
19 38 59 79 157 181 
20 39 60 80 158 182 
21 40 61 81 159 183 
22 41 62 82 160 184 
23 42 63 83 161 185 
24 43 64 84 162 186 
1 44 65 85 163 187 
2 45 66 86 164 188 
3 46 67 87 165 189 
4 47 68 88 166 190 
5 48 69 89 167 191 
6 25 70 90 168 192 
4 85 97 141 169 193 
5 86 98 142 170 194 
6 87 99 143 171 195 
7 88 100 144 172 196 
8 89 101 121 173 197 
9 90 102 122 174 198 
10 91 103 123 175 199 
11 92 104 124 176 200 
12 93 105 125 177 201 
13 94 106 126 178 202 
14 95 107 127 179 203 
15 96 108 128 180 204 
16 73 109 129 181 205 
17 74 110 130 182 206 
18 75 111 131 183 207 
19 76 112 132 184 208 
20 77 113 133 185 209 
21 78 114 134 186 210 
22 79 115 135 187 211 
23 80 116 136 188 212 
24 81 117 137 189 213 
1 82 118 138 190 214 
2 83 119 139 191 215 
3 84 120 140 192 216 
2 43 94 111 146 193 217 
3 44 95 112 147 194 218 
4 45 96 113 148 195 219 
5 46 73 114 149 196 220 
6 47 74 115 150 197 221 
7 48 75 116 151 198 222 
8 25 76 117 152 199 223 
9 26 77 118 153 200 224 
10 27 78 119 154 201 225 
11 28 79 120 155 202 226 
12 29 80 97 156 203 227 
13 30 81 98 157 204 228 
14 31 82 99 158 205 229 
15 32 83 100 159 206 230 
16 33 84 101 160 207 231 
17 34 85 102 161 208 232 
18 35 86 103 162 209 233 
19 36 87 104 163 210 234 
20 37 88 105 164 211 235 
21 38 89 106 165 212 236 
22 39 90 107 166 213 237 
23 40 91 108 167 214 238 
24 41 92 109 168 215 239 
1 42 93 110 145 216 240 
41 56 114 121 145 217 
42 57 115 122 146 218 
43 58 116 123 147 219 
44 59 117 124 148 220 
45 60 118 125 149 221 
46 61 119 126 150 222 
47 62 120 127 151 223 
48 63 97 128 152 224 
25 64 98 129 153 225 
26 65 99 130 154 226 
27 66 100 131 155 227 
28 67 101 132 156 228 
29 68 102 133 157 229 
30 69 103 134 158 230 
31 70 104 135 159 231 
32 71 105 136 160 232 
33 72 106 137 161 233 
34 49 107 138 162 234 
35 50 108 139 163 235 
36 51 109 140 164 236 
37 52 110 141 165 237 
38 53 111 142 166 238 
39 54 112 143 167 239 
40 55 113 144 168 240 
1 27 174 241 
2 28 175 242 
3 29 176 243 
4 30 177 244 
5 31 178 245 
6 32 179 246 
7 33 180 247 
8 34 181 248 
9 35 182 249 
10 36 183 250 
11 37 184 251 
12 38 185 252 
13 39 186 253 
14 40 187 254 
15 41 188 255 
16 42 189 256 
17 43 190 257 
18 44 191 258 
19 45 192 259 
20 46 169 260 
21 47 170 261 
22 48 171 262 
23 25 172 263 
24 26 173 264 
11 45 122 169 265 
12 46 123 170 266 
13 47 124 171 267 
14 48 125 172 268 
15 25 126 173 269 
16 26 127 174 270 
17 27 128 175 271 
18 28 129 176 272 
19 29 130 177 273 
20 30 131 178 274 
21 31 132 179 275 
22 32 133 180 276 
23 33 134 181 277 
24 34 135 182 278 
1 35 136 183 279 
2 36 137 184 280 
3 37 138 185 281 
4 38 139 186 282 
5 39 140 187 283 
6 40 141 188 284 
7 41 142 189 285 
8 42 143 190 286 
9 43 144 191 287 
10 44 121 192 288 
10 141 185 289 
11 142 186 290 
12 143 187 291 
13 144 188 292 
14 121 189 293 
15 122 190 294 
16 123 191 295 
17 124 192 296 
18 125 169 297 
19 126 170 298 
20 127 171 299 
21 128 172 300 
22 129 173 301 
23 130 174 302 
24 131 175 303 
1 132 176 304 
2 133 177 305 
3 134 178 306 
4 135 179 307 
5 136 180 308 
6 137 181 309 
7 138 182 310 
8 139 183 311 
9 140 184 312 
33 139 175 240 313 
34 140 176 217 314 
35 141 177 218 315 
36 142 178 219 316 
37 143 179 220 317 
38 144 180 221 318 
39 121 181 222 319 
40 122 182 223 320 
41 123 183 224 321 
42 124 184 225 322 
43 125 185 226 323 
44 126 186 227 324 
45 127 187 228 325 
46 128 188 229 326 
47 129 189 230 327 
48 130 190 231 328 
25 131 191 232 329 
26 132 192 233 330 
27 133 169 234 331 
28 134 170 235 332 
29 135 171 236 333 
30 136 172 237 334 
31 137 173 238 335 
32 138 174 239 336 
