288 144
3 6
3 3 3 3 3 3 3 3 3 3 3 3 3 3 3 3 3 3 3 3 3 3 3 3 3 3 3 3 3 3 3 3 3 3 3 3 3 3 3 3 3 3 3 3 3 3 3 3 3 3 3 3 3 3 3 3 3 3 3 3 3 3 3 3 3 3 3 3 3 3 3 3 3 3 3 3 3 3 3 3 3 3 3 3 3 3 3 3 3 3 3 3 3 3 3 3 3 3 3 3 3 3 3 3 3 3 3 3 3 3 3 3 3 3 3 3 3 3 3 3 3 3 3 3 3 3 3 3 3 3 3 3 3 3 3 3 3 3 3 3 3 3 3 3 3 3 3 3 3 3 3 3 3 3 3 3 3 3 3 3 3 3 3 3 3 3 3 3 3 3 3 3 3 3 3 3 3 3 3 3 3 3 3 3 3 3 3 3 3 3 3 3 3 3 3 3 3 3 3 3 3 3 3 3 3 3 3 3 3 3 3 3 3 3 3 3 3 3 3 3 3 3 3 3 3 3 3 3 3 3 3 3 3 3 3 3 3 3 3 3 3 3 3 3 3 3 3 3 3 3 3 3 3 3 3 3 3 3 3 3 3 3 3 3 3 3 3 3 3 3 3 3 3 3 3 3 3 3 3 3 3 3 3 3 3 3 3 3 
6 6 6 6 6 6 6 6 6 6 6 6 6 6 6 6 6 6 6 6 6 6 6 6 6 6 6 6 6 6 6 6 6 6 6 6 6 6 6 6 6 6 6 6 6 6 6 6 6 6 6 6 6 6 6 6 6 6 6 6 6 6 6 6 6 6 6 6 6 6 6 6 6 6 6 6 6 6 6 6 6 6 6 6 6 6 6 6 6 6 6 6 6 6 6 6 6 6 6 6 6 6 6 6 6 6 6 6 6 6 6 6 6 6 6 6 6 6 6 6 6 6 6 6 6 6 6 6 6 6 6 6 6 6 6 6 6 6 6 6 6 6 6 6 
13 83 109 
14 84 110 
15 85 111 
16 86 112 
17 87 113 
18 88 114 
19 89 115 
20 90 116 
21 91 117 
22 92 118 
23 93 119 
24 94 120 
25 95 121 
26 96 122 
27 49 123 
28 50 124 
29 51 125 
30 52 126 
31 53 127 
32 54 128 
33 55 129 
34 56 130 
35 57 131 
36 58 132 
37 59 133 
38 60 134 
39 61 135 
40 62 136 
41 63 137 
42 64 138 
43 65 139 
44 66 140 
45 67 141 
46 68 142 
47 69 143 
48 70 144 
1 71 97 
2 72 98 
3 73 99 
4 74 100 
5 75 101 
6 76 102 
7 77 103 
8 78 104 
9 79 105 
10 80 106 
11 81 107 
12 82 108 
1 94 140 
2 95 141 
3 96 142 
4 49 143 
5 50 144 
6 51 97 
7 52 98 
8 53 99 
9 54 100 
10 55 101 
11 56 102 
12 57 103 
13 58 104 
14 59 105 
15 60 106 
16 61 107 
17 62 108 
18 63 109 
19 64 110 
20 65 111 
21 66 112 
22 67 113 
23 68 114 
24 69 115 
25 70 116 
26 71 117 
27 72 118 
28 73 119 
29 74 120 
30 75 121 
31 76 122 
32 77 123 
33 78 124 
34 79 125 
35 80 126 
36 81 127 
37 82 128 
38 83 129 
39 84 130 
40 85 131 
41 86 132 
42 87 133 
43 88 134 
44 89 135 
45 90 136 
46 91 137 
47 92 138 
48 93 139 
18 53 136 
19 54 137 
20 55 138 
21 56 139 
22 57 140 
23 58 141 
24 59 142 
25 60 143 
26 61 144 
27 62 97 
28 63 98 
29 64 99 
30 65 100 
31 66 101 
32 67 102 
33 68 103 
34 69 104 
35 70 105 
36 71 106 
37 72 107 
38 73 108 
39 74 109 
40 75 110 
41 76 111 
42 77 112 
43 78 113 
44 79 114 
45 80 115 
46 81 116 
47 82 117 
48 83 118 
1 84 119 
2 85 120 
3 86 121 
4 87 122 
5 88 123 
6 89 124 
7 90 125 
8 91 126 
9 92 127 
10 93 128 
11 94 129 
12 95 130 
13 96 131 
14 49 132 
15 50 133 
17 58 101 
42 78 106 
15 56 99 
16 57 100 
16 51 134 
17 52 135 
18 59 102 
19 60 103 
20 61 104 
21 62 105 
22 63 106 
23 64 107 
24 65 108 
25 66 109 
26 67 110 
27 68 111 
28 69 112 
29 70 113 
30 71 114 
31 72 115 
32 73 116 
33 74 117 
34 75 118 
35 76 119 
36 77 120 
37 78 121 
38 79 122 
39 80 123 
40 81 124 
41 82 125 
42 83 126 
43 84 127 
44 85 128 
45 86 129 
46 87 130 
47 88 131 
48 89 132 
1 90 133 
2 91 134 
3 92 135 
4 93 136 
5 94 137 
6 95 138 
7 96 139 
8 49 140 
9 50 141 
10 51 142 
11 52 143 
12 53 144 
13 54 97 
14 55 98 
43 79 107 
44 80 108 
45 81 109 
46 82 110 
47 83 111 
48 84 112 
1 85 113 
2 86 114 
3 87 115 
4 88 116 
5 89 117 
6 90 118 
7 91 119 
8 92 120 
9 93 121 
10 94 122 
11 95 123 
12 96 124 
13 49 125 
14 50 126 
15 51 127 
16 52 128 
17 53 129 
18 54 130 
19 55 131 
20 56 132 
21 57 133 
22 58 134 
23 59 135 
24 60 136 
25 61 137 
26 62 138 
27 63 139 
28 64 140 
29 65 141 
30 66 142 
31 67 143 
32 68 144 
33 69 97 
34 70 98 
35 71 99 
36 72 100 
37 73 101 
38 74 102 
39 75 103 
40 76 104 
41 77 105 
1 72 142 
2 73 143 
3 74 144 
4 75 97 
5 76 98 
6 77 99 
7 78 100 
8 79 101 
9 80 102 
10 81 103 
11 82 104 
12 83 105 
13 84 106 
14 85 107 
15 86 108 
16 87 109 
17 88 110 
18 89 111 
19 90 112 
20 91 113 
21 92 114 
22 93 115 
23 94 116 
24 95 117 
25 96 118 
26 49 119 
27 50 120 
28 51 121 
29 52 122 
30 53 123 
31 54 124 
32 55 125 
33 56 126 
34 57 127 
35 58 128 
36 59 129 
37 60 130 
38 61 131 
39 62 132 
40 63 133 
41 64 134 
42 65 135 
43 66 136 
44 67 137 
45 68 138 
46 69 139 
47 70 140 
48 71 141 
37 49 128 180 200 241 
38 50 129 181 201 242 
39 51 130 182 202 243 
40 52 131 183 203 244 
41 53 132 184 204 245 
42 54 133 185 205 246 
43 55 134 186 206 247 
44 56 135 187 207 248 
45 57 136 188 208 249 
46 58 137 189 209 250 
47 59 138 190 210 251 
48 60 139 191 211 252 
1 61 140 192 212 253 
2 62 141 193 213 254 
3 63 142 145 214 255 
4 64 147 146 215 256 
5 65 148 143 216 257 
6 66 97 149 217 258 
7 67 98 150 218 259 
8 68 99 151 219 260 
9 69 100 152 220 261 
10 70 101 153 221 262 
11 71 102 154 222 263 
12 72 103 155 223 264 
13 73 104 156 224 265 
14 74 105 157 225 266 
15 75 106 158 226 267 
16 76 107 159 227 268 
17 77 108 160 228 269 
18 78 109 161 229 270 
19 79 110 162 230 271 
20 80 111 163 231 272 
21 81 112 164 232 273 
22 82 113 165 233 274 
23 83 114 166 234 275 
24 84 115 167 235 276 
25 85 116 168 236 277 
26 86 117 169 237 278 
27 87 118 170 238 279 
28 88 119 171 239 280 
29 89 120 172 240 281 
30 90 121 144 173 282 
31 91 122 174 194 283 
32 92 123 175 195 284 
33 93 124 176 196 285 
34 94 125 177 197 286 
35 95 126 178 198 287 
36 96 127 179 199 288 
15 52 141 187 212 266 
16 53 142 188 213 267 
17 54 147 189 214 268 
18 55 148 190 215 269 
19 56 97 191 216 270 
20 57 98 192 217 271 
21 58 99 193 218 272 
22 59 100 145 219 273 
23 60 101 146 220 274 
24 61 102 143 221 275 
25 62 103 149 222 276 
26 63 104 150 223 277 
27 64 105 151 224 278 
28 65 106 152 225 279 
29 66 107 153 226 280 
30 67 108 154 227 281 
31 68 109 155 228 282 
32 69 110 156 229 283 
33 70 111 157 230 284 
34 71 112 158 231 285 
35 72 113 159 232 286 
36 73 114 160 233 287 
37 74 115 161 234 288 
38 75 116 162 235 241 
39 76 117 163 236 242 
40 77 118 164 237 243 
41 78 119 165 238 244 
42 79 120 166 239 245 
43 80 121 167 240 246 
44 81 122 144 168 247 
45 82 123 169 194 248 
46 83 124 170 195 249 
47 84 125 171 196 250 
48 85 126 172 197 251 
1 86 127 173 198 252 
2 87 128 174 199 253 
3 88 129 175 200 254 
4 89 130 176 201 255 
5 90 131 177 202 256 
6 91 132 178 203 257 
7 92 133 179 204 258 
8 93 134 180 205 259 
9 94 135 181 206 260 
10 95 136 182 207 261 
11 96 137 183 208 262 
12 49 138 184 209 263 
13 50 139 185 210 264 
14 51 140 186 211 265 
37 54 106 192 232 244 
38 55 107 193 233 245 
39 56 108 145 234 246 
40 57 109 146 235 247 
41 58 110 143 236 248 
42 59 111 149 237 249 
43 60 112 150 238 250 
44 61 113 151 239 251 
45 62 114 152 240 252 
46 63 115 144 153 253 
47 64 116 154 194 254 
48 65 117 155 195 255 
1 66 118 156 196 256 
2 67 119 157 197 257 
3 68 120 158 198 258 
4 69 121 159 199 259 
5 70 122 160 200 260 
6 71 123 161 201 261 
7 72 124 162 202 262 
8 73 125 163 203 263 
9 74 126 164 204 264 
10 75 127 165 205 265 
11 76 128 166 206 266 
12 77 129 167 207 267 
13 78 130 168 208 268 
14 79 131 169 209 269 
15 80 132 170 210 270 
16 81 133 171 211 271 
17 82 134 172 212 272 
18 83 135 173 213 273 
19 84 136 174 214 274 
20 85 137 175 215 275 
21 86 138 176 216 276 
22 87 139 177 217 277 
23 88 140 178 218 278 
24 89 141 179 219 279 
25 90 142 180 220 280 
26 91 147 181 221 281 
27 92 148 182 222 282 
28 93 97 183 223 283 
29 94 98 184 224 284 
30 95 99 185 225 285 
31 96 100 186 226 286 
32 49 101 187 227 287 
33 50 102 188 228 288 
34 51 103 189 229 241 
35 52 104 190 230 242 
36 53 105 191 231 243 
